4294967294,0
4294967278,128
4294967278,274
4294967279,129
4294967279,127
4294967279,126
4294967279,124
4294967279,276
4294967279,134
4294967279,21
4294967279,19
4294967279,289
4294967279,16
4294967279,15
4294967279,14
4294967279,268
4294967279,12
4294967279,11
4294967279,419
4294967279,418
4294967294,127
4294967294,1249
4294967278,324
47,2
88,678
88,363
88,698
88,202
88,924
88,385
88,760
88,81
88,668
88,336
88,664
88,176
88,564
88,313
88,624
88,104
88,590
88,302
88,626
88,192
88,643
88,299
88,582
88,31
88,93
88,595
88,930
88,287
88,975
88,501
88,157
88,561
88,296
88,145
88,504
88,536
88,270
88,920
88,458
88,870
88,156
88,548
88,297
88,547
88,967
88,20
88,648
88,316
88,513
88,955
88,89
88,951
88,576
88,823
88,275
88,949
88,500
88,163
88,873
88,492
88,947
88,266
88,954
88,495
88,939
88,118
88,704
88,268
88,446
88,716
88,971
88,155
88,617
88,281
88,570
88,68
88,695
88,378
88,657
88,186
88,328
88,817
88,580
88,649
88,111
88,191
88,976
88,537
88,419
88,646
88,312
88,587
88,6
88,503
88,232
88,565
88,751
88,471
88,129
88,908
88,436
88,890
88,227
88,829
88,474
88,850
88,77
88,338
88,654
88,710
88,376
88,188
88,651
88,721
88,352
88,660
88,143
88,780
88,462
88,875
88,251
88,1088
88,460
88,872
88,23
88,607
88,355
88,689
88,184
88,359
88,685
88,770
88,106
88,741
88,361
88,656
88,196
88,832
88,343
88,638
88,69
88,615
88,324
88,179
88,571
88,611
88,334
88,658
88,105
88,854
88,441
88,867
88,244
88,395
88,871
88,464
88,921
88,14
88,553
88,178
88,774
88,21
88,684
88,375
88,708
88,185
88,566
88,310
88,601
88,103
88,365
88,642
88,630
88,963
88,183
88,563
88,318
88,585
88,66
88,463
88,968
88,253
88,839
88,429
88,913
88,99
88,933
88,411
88,764
88,222
88,804
88,383
88,703
88,123
88,816
88,398
88,691
88,201
88,680
88,373
88,792
88,35
88,840
88,426
88,791
88,239
88,811
88,391
88,891
88,125
88,767
88,362
88,647
88,197
88,736
88,358
88,659
88,746
88,85
88,905
88,455
88,901
88,224
88,771
88,407
88,860
88,142
88,943
88,454
88,887
88,237
88,960
88,452
88,826
88,34
88,634
88,323
88,568
88,160
88,291
88,524
88,279
88,984
88,550
88,90
88,602
88,132
88,598
88,294
88,546
88,169
88,644
88,319
88,603
88,9
88,979
88,517
88,934
88,260
88,876
88,518
88,141
88,861
88,480
88,241
88,866
88,862
88,466
88,899
88,74
88,593
88,982
88,317
88,639
88,28
88,783
88,457
88,882
88,271
88,496
88,944
88,167
88,972
88,865
88,530
88,295
88,606
88,110
88,212
88,886
88,488
88,883
88,417
88,119
88,519
88,339
88,623
88,366
88,726
88,198
88,667
88,346
88,619
88,84
88,756
88,418
88,878
88,958
88,211
88,821
88,403
88,719
88,130
88,425
88,868
88,847
88,256
88,837
88,382
88,699
88,15
88,758
88,414
88,805
88,114
88,636
88,325
88,609
88,195
88,616
88,353
88,715
88,190
88,757
88,357
88,728
88,73
88,669
88,200
88,633
88,351
88,650
88,370
88,830
88,122
88,641
88,367
88,217
88,831
88,393
88,910
88,759
88,802
88,109
88,25
88,706
88,377
88,744
88,226
88,127
88,637
88,423
88,592
88,772
88,372
88,674
88,205
88,801
88,433
88,796
88,78
88,769
88,368
88,777
88,223
88,349
88,745
88,374
88,663
88,112
88,629
88,322
88,625
88,203
88,478
88,8
88,937
88,450
88,686
88,240
88,752
88,415
88,859
88,152
88,243
88,528
88,931
88,272
88,640
88,79
88,594
88,314
88,597
88,126
88,928
88,427
88,748
88,233
88,766
88,447
88,879
88,420
88,30
88,584
88,326
88,739
88,693
88,194
88,589
88,977
88,384
88,661
88,124
88,743
88,396
88,773
88,210
88,927
88,401
88,808
88,71
88,827
88,387
88,800
88,225
88,735
88,394
88,834
88,113
88,919
88,451
88,789
88,221
88,682
88,371
88,754
88,13
88,671
88,332
88,614
88,189
88,662
88,337
88,655
88,116
88,820
88,725
88,364
88,701
88,207
88,863
88,392
88,696
88,72
88,670
88,369
88,702
88,199
88,652
88,354
88,677
88,128
88,666
88,345
88,731
88,206
88,408
88,803
88,926
88,26
88,445
88,779
88,259
88,498
88,889
88,151
88,884
88,453
88,824
88,262
88,493
88,845
88,83
88,938
88,558
88,305
88,534
88,173
88,596
88,308
88,16
88,895
88,552
88,136
88,785
88,416
88,723
88,331
88,841
88,428
88,734
88,729
88,229
88,697
88,381
88,799
88,107
88,608
88,315
88,551
88,527
88,177
88,923
88,591
88,303
88,612
88,70
88,836
88,219
88,559
88,916
88,286
88,557
88,181
88,797
88,108
88,379
88,713
88,694
88,213
88,673
88,342
88,631
88,24
88,858
88,526
88,956
88,245
88,885
88,476
88,880
88,138
88,922
88,516
88,981
88,300
88,618
88,76
88,236
88,942
88,439
88,242
88,733
88,424
88,853
88,459
88,932
88,133
88,809
88,412
88,810
88,228
88,935
88,529
88,11
88,700
88,388
88,929
88,204
88,881
88,422
88,755
88,115
88,813
88,397
88,775
88,187
88,676
88,333
88,605
88,75
88,329
88,794
88,465
88,903
88,214
88,321
88,604
88,340
88,628
88,117
88,912
88,477
88,825
88,215
88,705
88,386
88,740
88,27
88,964
88,475
88,855
88,263
88,489
88,962
88,153
88,469
88,610
88,283
88,627
88,80
88,738
88,443
88,914
88,235
88,815
88,409
88,761
88,135
88,683
88,390
88,690
88,209
88,786
88,347
88,814
88,17
88,555
88,273
88,539
88,154
88,974
88,479
88,966
88,269
88,543
88,29
88,82
88,161
88,1024
88,714
88,515
88,787
88,413
88,904
88,216
88,778
88,449
88,936
88,140
88,852
88,421
88,897
88,230
88,851
88,139
88,915
88,502
88,404
88,892
88,399
88,750
88,220
88,356
88,763
88,849
88,88
88,600
88,257
88,925
88,483
88,950
88,144
88,487
88,907
88,909
88,277
88,525
88,987
88,7
88,485
88,267
88,511
88,978
88,147
88,940
88,952
88,467
88,843
88,258
88,542
88,36
88,509
88,965
88,170
88,749
88,327
88,306
88,560
88,578
88,95
88,784
88,406
88,864
88,246
88,679
88,405
88,819
88,121
88,208
88,581
88,410
88,218
88,753
88,380
88,687
88,22
88,737
88,430
88,711
88,261
88,508
88,781
88,98
88,717
88,335
88,621
88,175
88,665
88,341
88,613
88,100
88,896
88,468
88,946
88,282
88,499
88,838
88,166
88,599
88,309
88,577
88,67
88,360
88,768
88,681
88,174
88,622
88,330
88,692
88,102
88,712
88,400
88,857
88,182
88,953
88,311
88,730
88,344
88,635
88,10
88,432
88,742
88,249
88,653
88,521
88,148
88,491
88,969
88,320
88,556
88,87
88,941
88,486
88,869
88,252
88,793
88,456
88,856
88,131
88,833
88,512
88,247
88,798
88,795
88,438
88,812
88,32
88,672
88,874
88,120
88,790
88,442
88,900
88,250
88,765
88,828
88,472
88,893
88,137
88,533
88,961
88,248
88,481
88,844
88,911
88,92
88,541
88,285
88,168
88,573
88,484
88,535
88,301
88,538
88,18
88,494
88,274
88,906
88,482
88,959
88,164
88,505
88,645
88,280
88,545
88,91
88,724
88,448
88,782
88,234
88,877
88,435
88,776
88,149
88,434
88,848
88,707
88,238
88,431
88,788
88,33
88,569
88,307
88,171
88,842
88,579
88,520
88,973
88,284
88,588
88,94
88,574
88,293
88,948
88,532
88,980
88,172
88,957
88,507
88,970
88,288
88,523
88,12
88,292
88,732
88,522
88,554
88,902
88,158
88,276
88,620
88,298
88,806
88,506
88,101
88,747
88,389
88,688
88,180
88,986
88,497
88,894
88,289
88,898
88,514
88,918
88,159
88,540
88,96
88,945
88,64
88,888
88,473
88,193
88,720
88,350
88,632
88,162
88,440
88,983
88,97
88,583
88,290
88,586
88,165
88,575
88,985
88,304
88,572
88,19
88,718
88,402
88,722
88,264
88,544
88,150
88,531
88,278
88,510
88,65
88,549
88,265
88,917
88,437
88,818
88,146
88,846
88,470
88,835
88,254
88,807
88,444
88,822
88,86
88,762
88,348
88,675
88,231
88,567
88,134
88,461
88,709
88,255
88,5
88,562
88,727
88,490
88,37
88,4
38,4
37,6
37,4
40,5
40,4
36,5
36,4
32,5
32,4
41,5
41,4
11,5
11,4
24,5
24,4
4294967294,1427
4294967279,17
4294967278,283
42,2
47,6
47,5
4294967278,282
47,4
4294967294,1431
4294967294,1437
42,5
42,4
4294967294,1430
4294967294,474
44,7
44,6
31,6
31,5
13,5
13,4
4294967278,265
12,4
4294967294,1426
4294967294,470
4294967279,13
4294967278,343
35,2
35,5
35,4
4294967294,25
4294967278,264
4294967278,263
34,4
4294967278,262
33,2
4294967278,261
31,4
4294967294,1439
4294967294,22
4294967294,17
4294967294,67
4294967294,76
4294967294,43
4294967294,417
4294967294,51
4294967294,52
4294967294,473
4294967294,1432
4294967294,26
44,4
33,4
4294967294,1085
4294967294,1082
4294967294,1081
4294967294,1076
4294967294,1075
4294967294,1066
4294967294,1069
4294967294,1073
4294967294,1154
4294967294,1153
4294967294,18
4294967294,1167
4294967294,1166
4294967294,176
4294967294,173
4294967294,1159
4294967294,163
4294967294,1248
4294967294,1163
4294967294,83
44,5
4294967278,308
4294967294,1425
4294967294,7
4294967279,0
4294967294,6
0,5
16,2
4294967278,258
15,4
15,5
14,5
14,4
16,4
16,5
16,6
90,1137
90,1139
90,1147
90,1145
90,1142
90,1076
90,1129
90,1132
90,1086
90,1134
90,1108
90,1143
90,1106
90,1119
90,1044
90,1080
90,1045
90,1141
90,1040
90,1079
90,1062
90,1061
90,1077
90,1085
90,1026
90,1105
90,1071
90,1069
90,1095
90,1009
90,1115
90,1007
90,1054
90,1102
90,1078
90,1020
90,1033
90,1083
90,1049
90,1002
90,1216
90,1138
90,1122
90,1030
90,1104
90,1082
90,978
90,974
90,1117
90,1121
90,1096
90,1019
90,1116
90,997
90,1087
90,1133
90,1280
90,968
90,937
90,1146
90,959
90,1092
90,1075
90,1084
90,1013
90,1099
90,932
90,1000
90,1123
90,1131
90,998
90,1101
90,926
90,947
90,1107
90,1067
90,1014
90,1144
90,987
90,1118
90,919
90,975
90,939
90,982
90,1097
90,940
90,1126
90,895
90,967
90,1052
90,992
90,986
90,957
90,1135
90,1025
90,1047
90,922
90,882
90,913
90,964
90,4
90,888
90,870
90,1100
90,936
90,1125
90,1039
90,965
90,859
90,898
90,853
90,1113
90,840
90,1124
90,1090
90,1018
90,970
90,1060
90,863
90,843
90,1004
90,1111
90,955
90,909
90,921
90,1015
90,925
90,931
90,811
90,1114
90,831
90,1031
90,1128
90,900
90,990
90,1057
90,954
90,923
90,844
90,1109
90,842
90,1012
90,1055
90,1089
90,1094
90,1072
90,1037
90,1028
90,1091
90,782
90,1027
90,985
90,819
90,1010
90,825
90,751
90,771
90,769
90,790
90,1093
90,884
90,911
90,748
90,1081
90,1008
90,906
90,929
90,1063
90,956
90,1036
90,901
90,903
90,890
90,816
90,868
90,1051
90,1130
90,944
90,927
90,1110
90,933
90,1043
90,1068
90,821
90,953
90,1046
90,1103
90,1041
90,830
90,1140
90,1001
90,826
90,938
90,1088
90,907
90,920
90,1021
90,989
90,930
90,958
90,881
90,892
90,917
90,864
90,889
90,905
90,973
90,1050
90,1005
90,1098
90,1016
90,734
90,721
90,994
90,1053
90,1022
90,1058
90,942
90,1112
90,1034
90,899
90,885
90,960
90,829
90,977
90,1064
90,1074
90,1003
90,847
90,988
90,855
90,818
90,1070
90,788
90,948
90,1136
90,850
90,839
90,762
90,950
90,1120
90,915
90,682
90,710
90,720
90,813
90,1017
90,941
90,678
90,763
90,663
90,966
90,1127
90,972
90,806
90,824
90,789
90,849
90,672
90,745
90,860
90,817
90,668
90,1073
90,976
90,996
90,687
90,896
90,783
90,707
90,787
90,852
90,722
90,753
90,808
90,1048
90,683
90,797
90,696
90,1038
90,867
90,735
90,739
90,756
90,778
90,845
90,894
90,764
90,952
90,935
90,883
90,1065
90,1152
90,775
90,866
90,1011
90,673
90,792
90,746
90,777
90,1066
90,809
90,848
90,856
90,983
90,621
90,653
90,679
90,759
90,624
90,606
90,719
90,712
90,1056
90,928
90,1059
90,619
90,659
90,1029
90,862
90,752
90,741
90,649
90,601
90,726
90,643
90,1042
90,596
90,999
90,916
90,873
90,740
90,718
90,622
90,1035
90,914
90,1023
90,597
90,650
90,758
90,912
90,578
90,724
90,946
90,664
90,633
90,610
90,579
90,768
90,604
90,981
90,1032
90,945
90,869
90,566
90,984
90,841
90,963
90,1006
90,665
90,715
90,716
90,732
90,760
90,795
90,695
90,699
90,877
90,793
90,880
90,874
90,761
90,861
90,587
90,750
90,675
90,886
90,647
90,962
90,902
90,800
90,568
90,810
90,730
90,693
90,618
90,698
90,910
90,697
90,689
90,667
90,666
90,550
90,584
90,616
90,588
90,854
90,961
90,814
90,1024
90,851
90,993
90,979
90,804
90,969
90,609
90,657
90,692
90,701
90,571
90,949
90,651
90,558
90,524
90,887
90,828
90,943
90,995
90,991
90,565
90,603
90,708
90,772
90,785
90,865
90,580
90,661
90,677
90,516
90,629
90,754
90,589
90,581
90,798
90,802
90,593
90,641
90,980
90,556
90,631
90,728
90,686
90,846
90,685
90,951
90,501
90,971
90,676
90,509
90,705
90,803
90,791
90,660
90,731
90,815
90,827
90,835
90,833
90,820
90,479
90,908
90,774
90,878
90,781
90,599
90,688
90,717
90,879
90,836
90,655
90,924
90,473
90,871
90,747
90,644
90,586
90,893
90,733
90,743
90,755
90,684
90,742
90,858
90,704
90,832
90,934
90,779
90,714
90,535
90,560
90,534
90,897
90,486
90,554
90,904
90,557
90,727
90,694
90,654
90,626
90,607
90,627
90,567
90,582
90,834
90,478
90,918
90,457
90,876
90,585
90,691
90,598
90,608
90,614
90,508
90,773
90,681
90,766
90,737
90,450
90,857
90,462
90,590
90,725
90,484
90,541
90,498
90,736
90,634
90,613
90,638
90,744
90,702
90,561
90,891
90,512
90,723
90,468
90,690
90,729
90,669
90,872
90,438
90,837
90,780
90,776
90,441
90,784
90,492
90,515
90,642
90,520
90,463
90,563
90,533
90,838
90,656
90,526
90,502
90,454
90,875
90,451
90,823
90,799
90,429
90,455
90,770
90,569
90,623
90,538
90,645
90,37
90,674
90,359
90,620
90,206
90,812
90,364
90,749
90,120
90,807
90,400
90,680
90,223
90,419
90,82
90,765
90,362
90,670
90,213
90,425
90,822
90,129
90,801
90,591
90,266
90,476
90,29
90,794
90,415
90,786
90,234
90,431
90,138
90,711
90,430
90,229
90,409
90,805
90,796
90,91
90,335
90,662
90,572
90,630
90,637
90,156
90,595
90,269
90,513
90,17
90,562
90,327
90,592
90,186
90,95
90,466
90,343
90,537
90,273
90,519
90,162
90,487
90,295
90,504
90,34
90,671
90,96
90,496
90,288
90,470
90,192
90,700
90,351
90,646
90,103
90,594
90,336
90,652
90,185
90,305
90,632
90,540
90,11
90,636
90,337
90,602
90,202
90,119
90,459
90,355
90,428
90,226
90,605
90,80
90,399
90,713
90,345
90,703
90,208
90,391
90,738
90,113
90,709
90,382
90,706
90,210
90,757
90,398
90,767
90,8
90,583
90,291
90,625
90,153
90,617
90,275
90,575
90,511
90,90
90,635
90,349
90,171
90,529
90,261
90,456
90,65
90,240
90,416
